0.015   0.487791066     0.025830077
0.018   1.214115292     0.01291612
0.021   1.280790262     0.006955416
0.024   1.26797927      0.004968571
0.027   1.243240563     0.00397519
0.03    1.217503829     0.002981642
0.033   1.186792962     0.002981892
0.036   1.167011469     0.001988094
0.039   1.138279484     0.001988261
0.042   1.120479036     0.001988428
0.045   1.102675604     0.001988594
0.048   1.088846709     0.001988761
0.051   1.074021032     0.000994464
0.054   1.062176511     0.000994547
0.057   1.051324634     0.000994631
0.06    1.039476223     0.000994714
0.063   1.034589408     0.000994798
0.066   1.030696653     0.000994881
0.069   1.023818353     0.000994964
0.072   1.019924042     0.000995048
0.075   1.016029078     0.000995131
0.078   1.013128675     0.000995215
0.081   1.012218382     0.000995298
0.084   1.007326408     0.000995382
0.087   1.007410941     0.000995465
0.09    1.00550439      0.000995549
0.093   1.004593151     0.000995632
0.096   1.00368176      0.000995716
0.099   1.001774415     0.0009958
0.102   1.000862634     0.000995883
0.105   1.001942633     0.000995967
0.108   1.002026763     0.00099605
0.111   1.001114774     0.000996134
0.114   1.002195066     0.000996218
0.117   1.000286636     0.000996301
0.12    0.99937427      0.000996385
0.123   0.99945822      0.000996469
0.126   0.999542184     0.000996553
0.129   1.000622798     0.000996636
0.132   0.999710154     0.00099672
0.135   0.99979416      0.000996804
0.138   0.99987818      0.000996888
0.141   0.997968272     0.000996971
0.144   0.999049208     0.000997055
0.147   1.000130326     0.000997139
0.15    1.000214403     0.000997223
0.153   0.999301187     0.000997307
0.156   0.999385209     0.00099739
0.159   0.999469244     0.000997474
0.162   1.000550852     0.000997558
0.165   0.999637357     0.000997642
0.168   0.999721435     0.000997726
0.171   1.000803337     0.00099781
0.174   0.999889633     0.000997894
0.177   0.999973753     0.000997978
0.18    1.000057888     0.000998062
0.183   1.000142036     0.000998146
0.186   0.999227969     0.00099823
0.189   1.000310376     0.000998314
0.192   0.999396169     0.000998398
0.195   0.99948029      0.000998482
0.198   1.000562991     0.000998566
0.201   0.999648575     0.00099865
0.204   0.999732739     0.000998734
0.207   1.000815735     0.000998818
0.21    0.998902206     0.000998902
0.213   0.999985315     0.000998986
0.216   1.000069535     0.00099907
0.219   0.999154615     0.000999155
0.222   1.000238019     0.000999239
0.225   1.000322282     0.000999323
0.228   0.999407152     0.000999407
0.231   0.999491359     0.000999491
0.234   0.99957558      0.000999576
0.237   1.000659476     0.00099966
0.24    0.999744066     0.000999744
0.243   1.000828158     0.000999828
0.246   1.00091252      0.000999913
0.249   0.9999969       0.000999997
0.252   1.000081207     0.001000081
0.255   1.000165527     0.001000166
0.258   0.999249613     0.00100025
0.261   1.000334212     0.001000334
0.264   0.999418157     0.001000419
0.267   0.99950245      0.001000503
0.27    0.999586757     0.001000587
0.273   0.999671079     0.001000672
0.276   1.000756171     0.001000756
0.279   0.999839765     0.001000841
0.282   1.000925055     0.001000925
0.285   1.001009518     0.00100101
0.288   1.000092902     0.001001094
0.291   1.000177309     0.001001178
0.294   1.00026173      0.001001263
0.297   0.999344818     0.001001348
0.3     1.000430616     0.001001432
